-2090744788
-2090744788
-2059049720
-2059049720
-2020526088
-2020526088
-1975301650
-1975301650
-1923526387
-1923526387
-1865372005
-1865372005
-1801031366
-1801031366
-1730717846
-1730717846
-1654664631
-1654664631
-1573123941
-1573123941
-1486366195
-1486366195
-1394679114
-1394679114
-1298366765
-1298366765
-1197748555
-1197748555
-1093158173
-1093158173
-984942477
-984942477
-873460350
-873460350
-759081508
-759081508
-642185274
-642185274
-523159318
-523159318
-402398373
-402398373
-280302929
-280302929
-157277896
-157277896
-33731273
-33731273
89927215
89927215
213287472
213287472
335940390
335940390
457479206
457479206
577500853
577500853
695607296
695607296
811406849
811406849
924515480
924515480
1034558079
1034558079
1141169703
1141169703
1243996790
1243996790
-1461836983
-1461836983
-1368857645
-1368857645
-1271338673
-1271338673
-1169603477
-1169603477
-1063989445
-1063989445
-954846835
-954846835
-842537603
-842537603
-727434206
-727434206
-609918371
-609918371
-490379823
-490379823
-369214996
-369214996
-246825716
-246825716
-123617872
-123617872
-66
-66
123617740
123617740
246825585
246825585
369214866
369214866
490379694
490379694
609918244
609918244
727434082
727434082
842537481
842537481
954846717
954846717
1063989330
1063989330
1169603365
1169603365
1271338567
1271338567
1368857543
1368857543
1461836886
1461836886
1549968241
1549968241
1632959333
1632959333
1710534933
1710534933
1782437772
1782437772
1848429394
1848429394
1908290945
1908290945
1961823904
1961823904
2008850735
2008850735
2049215481
2049215481
2082784276
2082784276
2109445795
2109445795
2129111618
2129111618
2141716526
2141716526
2147218716
2147218716
2145599942
2145599942
2136865571
2136865571
2121044570
2121044570
759081384
759081384
873460229
873460229
984942359
984942359
1093158059
1093158059
1197748446
1197748446
1298366659
1298366659
1394679013
1394679013
1486366099
1486366099
1573123851
1573123851
1654664546
1654664546
1730717767
1730717767
1801031294
1801031294
1865371940
1865371940
1923526328
1923526328
1975301598
1975301598
2020526043
2020526043
2059049682
2059049682
2090744758
2090744758
2115506157
2115506157
2133251762
2133251762
2143922721
2143922721
2147483647
2147483647
2143922729
2143922729
2133251777
2133251777
2115506180
2115506180
2090744788
2090744788
2059049720
2059049720
2020526088
2020526088
1975301650
1975301650
1923526387
1923526387
1865372005
1865372005
1801031366
1801031366
1730717846
1730717846
1654664631
1654664631
1573123941
1573123941
1486366195
1486366195
1394679114
1394679114
1298366765
1298366765
1197748555
1197748555
1093158173
1093158173
984942477
984942477
873460350
873460350
759081508
759081508
642185274
642185274
523159318
523159318
402398373
2145599936
2147218718
2147218718
2141716536
2141716536
2129111635
2129111635
2109445820
2109445820
2082784309
2082784309
2049215521
2049215521
2008850782
2008850782
1961823958
1961823958
1908291006
1908291006
1848429461
1848429461
1782437846
1782437846
1710535013
1710535013
1632959419
1632959419
1549968333
1549968333
1461836983
1461836983
1368857645
1368857645
1271338673
1271338673
1169603477
1169603477
1063989445
1063989445
954846835
954846835
842537603
842537603
727434206
727434206
609918371
609918371
490379823
490379823
369214996
369214996
246825716
246825716
123617872
123617872
66
66
-123617740
-123617740
-246825585
-246825585
-369214866
-369214866
-490379694
-490379694
-609918244
-609918244
-727434082
-727434082
-842537481
-842537481
-954846717
-954846717
-1063989330
-1063989330
-1169603365
-1169603365
-1271338567
-1271338567
-1368857543
-1368857543
-1461836886
-1461836886
-1549968241
-1549968241
-1632959333
-1632959333
-1710534933
-1710534933
-1782437772
-1782437772
-1848429394
-1848429394
695607421
695607421
577500981
577500981
457479335
457479335
335940520
335940520
213287604
213287604
89927347
89927347
-33731140
-33731140
-157277764
-157277764
-280302797
-280302797
-402398243
-402398243
-523159189
-523159189
-642185148
-642185148
-759081384
-759081384
-873460229
-873460229
-984942359
-984942359
-1093158059
-1093158059
-1197748446
-1197748446
-1298366659
1737350727
1807130607
1807130607
1870917380
1870917380
1928499504
1928499504
1979686017
1979686017
2024307165
2024307165
2062214968
2062214968
2093283709
2093283709
2117410355
2117410355
2134514890
2134514890
2144540592
2144540592
2147454210
2147454210
2143246083
2143246083
2131930165
2131930165
2113543985
2113543985
2088148518
2088148518
2055827985
2055827985
2016689572
2016689572
1970863077
1970863077
1918500477
1918500477
1859775426
1859775426
1794882677
1794882677
1724037439
1724037439
1647474660
1647474660
1565448252
1565448252
1478230243
1478230243
1386109880
1386109880
1289392668
1289392668
1188399357
1188399357
1083464879
1083464879
974937233
974937233
863176338
863176338
748552833
748552833
631446853
631446853
512246763
512246763
391347876
391347876
269151135
269151135
146061790
146061790
22488051
22488051
-101160266
-101160266
-224473099
-224473099
-347041497
-347041497
-468458979
-468458979
-588322878
-588322878
-706235683
-706235683
-821806351
1842680387
1776142045
1776142045
1703713365
1703713365
1625634546
1625634546
1542164527
1542164527
1453580125
1453580125
1360175117
1360175117
1262259271
1262259271
1160157309
1160157309
1054207841
1054207841
944762232
944762232
832183446
832183446
716844834
716844834
599128901
599128901
479426037
479426037
358133221
358133221
235652704
235652704
112390676
112390676
-11244080
-11244080
-134841547
-134841547
-257991831
-257991831
-380286518
-380286518
-501320037
-501320037
-620690994
-620690994
-738003512
-738003512
-852868540
-852868540
-964905142
-964905142
-1073741766
-1073741766
-1179017468
-1179017468
-1280383116
-1280383116
-1377502543
-1377502543
-1470053667
-1470053667
-1557729554
-1557729554
-1640239438
-1640239438
-1717309687
-1717309687
-1788684707
-1788684707
-1854127792
-1854127792
-1913421910
-1913421910
-1966370419
-1966370419
-2012797722
-2012797722
-2052549850
-2052549850
-2085494969
-2085494969
-2111523823
-2111523823
-2130550089
-2130550089
-2142510669
-2142510669
-2147365898
-2147365898
-2145099675
-413437709
-534057401
-534057401
-652905963
-652905963
-769589249
-769589249
-883720295
-883720295
-994920600
-994920600
-1102821384
-1102821384
-1207064807
-1207064807
-1307305161
-1307305161
-1403210011
-1403210011
-1494461303
-1494461303
-1580756412
-1580756412
-1661809154
-1661809154
-1737350727
-1737350727
-1807130607
-1807130607
-1870917380
-1870917380
-1928499504
-1928499504
-1979686017
-1979686017
-2024307165
-2024307165
-2062214968
-2062214968
-2093283709
-2093283709
-2117410355
-2117410355
-2134514890
-2134514890
-2144540592
-2144540592
-2147454210
-2147454210
-2143246083
-2143246083
-2131930165
-2131930165
-2113543985
-2113543985
-2088148518
-2088148518
-2055827985
-2055827985
-2016689572
-2016689572
-1970863077
-1970863077
-1918500477
-1918500477
-1859775426
-1859775426
-1794882677
-1794882677
-1724037439
-1724037439
-1647474660
-1647474660
-1565448252
-1565448252
-1478230243
-1478230243
-1386109880
-1386109880
-1289392668
-1289392668
-1188399357
-1188399357
-1083464879
-1083464879
-974937233
-974937233
-863176338
-863176338
-2100555963
-2100555963
-2122774447
-2122774447
-2137953032
-2137953032
-2146041381
-2146041381
-2147012670
-2147012670
-2140863677
-2140863677
-2127614795
-2127614795
-2107309962
-2107309962
-2080016516
-2080016516
-2045824972
-2045824972
-2004848723
-2004848723
-1957223660
-1957223660
-1903107725
-1903107725
-1842680387
-1842680387
-1776142045
-1776142045
-1703713365
-1703713365
-1625634546
-1625634546
-1542164527
-1542164527
-1453580125
-1453580125
-1360175117
-1360175117
-1262259271
-1262259271
-1160157309
-1160157309
-1054207841
-1054207841
-944762232
-944762232
-832183446
-832183446
-716844834
-716844834
-599128901
-599128901
-479426037
-479426037
-358133221
-358133221
-235652704
-235652704
-112390676
-112390676
11244080
11244080
134841547
134841547
257991831
257991831
380286518
380286518
501320037
501320037
620690994
620690994
738003512
738003512
852868539
852868539
964905142
964905142
1073741766
1073741766
1179017468
1179017468
1280383116
1280383116
1377502543
1377502543
1470053667
1470053667
1557729554
-1234814430
-1131629010
-1131629010
-2016689527
-2016689527
-2055827947
-2055827947
-2088148487
-2088148487
-2113543962
-2113543962
-2131930149
-2131930149
-2143246074
-2143246074
-2147454209
-2147454209
-2144540599
-2144540599
-2134514905
-2134514905
-2117410377
-2117410377
-2093283739
-2093283739
-2062215005
-2062215005
-2024307209
-2024307209
-1979686068
-1979686068
-1928499563
-1928499563
-1870917445
-1870917445
-1807130679
-1807130679
-1737350804
-1737350804
-1661809238
-1661809238
-1580756502
-1580756502
-1494461398
-1494461398
-1403210112
-1403210112
-1307305266
-1307305266
-1207064917
-1207064917
-1102821497
-1102821497
-994920718
-994920718
-883720416
-883720416
-769589373
-769589373
-652906089
-652906089
-534057530
-534057530
-413437839
-413437839
-291447038
-291447038
-168489691
-168489691
-44973570
-44973570
78691699
78691699
202095998
202095998
324830072
324830072
446486891
446486891
566662995
566662995
684959838
684959838
800985102
800985102
914354006
914354006
1024690576
1024690576
1131628897
1131628897
1234814321
1234814321
1333904648
1333904648
-1377502645
-1377502645
-1280383222
-1280383222
-1179017579
-1179017579
-1073741881
-1073741881
-964905261
-964905261
-852868661
-852868661
-738003636
-738003636
-620691120
-620691120
-501320165
-501320165
-380286649
-380286649
-257991962
-257991962
-134841680
-134841680
-11244212
-11244212
112390544
112390544
235652572
235652572
358133091
358133091
479425908
479425908
599128774
599128774
716844709
716844709
832183323
832183323
944762113
944762113
1054207725
1054207725
1160157198
1160157198
1262259163
1262259163
1360175015
1360175015
1453580027
1453580027
1542164435
1542164435
1625634459
1625634459
1703713284
1703713284
1776141971
1776141971
1842680319
1842680319
1903107664
1903107664
1957223605
1957223605
2004848675
2004848675
2045824932
2045824932
2080016483
2080016483
2107309936
2107309936
2127614777
2127614777
2140863666
2140863666
2147012667
2147012667
2146041386
2146041386
2137953045
2137953045
2122774467
2122774467
2100555991
2100555991
2071371300
2071371300
974937115
974937115
1083464764
1083464764
1188399247
1188399247
1289392562
1289392562
1386109778
1386109778
1478230146
1478230146
1565448161
1565448161
1647474575
1647474575
1724037360
1724037360
1794882604
1794882604
1859775359
1859775359
1918500417
1918500417
1970863024
1970863024
2016689527
2016689527
2055827947
2055827947
2088148487
2088148487
2113543962
2113543962
2131930149
2131930149
2143246074
2143246074
2147454209
2147454209
2144540599
2144540599
2134514905
2134514905
2117410377
2117410377
2093283739
2093283739
2062215005
2062215005
2024307209
2024307209
1979686068
1979686068
1928499563
1928499563
1870917445
1870917445
1807130679
1807130679
1737350804
1737350804
1661809238
1661809238
1580756502
1580756502
1494461398
1494461398
1403210112
1403210112
1307305266
1307305266
1207064917
1207064917
1102821497
1102821497
994920718
994920718
883720416
883720416
769589373
769589373
652906089
652906089
534057530
534057530
413437839
413437839
291447038
291447038
168489691
168489691
44973570
2130550105
2111523847
2111523847
2085495001
2085495001
2052549889
2052549889
